,Id,SalePrice
0,0,117183.48
1,1,163712.9
2,2,183432.2
3,3,185303.67
4,4,196278.81
5,5,174502.78
6,6,167354.03
7,7,160445.92
8,8,193386.83
9,9,127125.98
10,10,203443.62
11,11,95165.72
12,12,90331.67
13,13,158119.58
14,14,140055.42
15,15,411053.2
16,16,254247.2
17,17,299697.62
18,18,274965.2
19,19,552227.7
20,20,310861.47
21,21,210957.89
22,22,176392.75
23,23,174006.77
24,24,175646.33
25,25,189964.67
26,26,373618.22
27,27,242855.5
28,28,198572.56
29,29,204822.44
30,30,189986.64
31,31,88420.734
32,32,192296.08
33,33,289914.03
34,34,295789.03
35,35,243132.9
36,36,180033.34
37,37,163245.66
38,38,167351.53
39,39,146321.84
40,40,174037.61
41,41,161426.4
42,42,283187.38
43,43,232806.05
44,44,216624.84
45,45,191186.4
46,46,237872.44
47,47,206996.36
48,48,159301.23
49,49,144949.28
50,50,142517.6
51,51,172592.42
52,52,153004.27
53,53,169629.25
54,54,200556.77
55,55,165338.2
56,56,161823.23
57,57,137475.83
58,58,222110.08
59,59,133252.77
60,60,135649.22
61,61,170533.27
62,62,112384.305
63,63,123027.5
64,64,126238.63
65,65,118530.85
66,66,109423.53
67,67,128761.99
68,68,142365.22
69,69,180151.56
70,70,98786.54
71,71,97084.13
72,72,149418.88
73,73,120923.66
74,74,155916.92
75,75,110938.04
76,76,70725.305
77,77,185567.53
78,78,221718.95
79,79,81248.44
80,80,142171.31
81,81,136886.86
82,82,226672.2
83,83,81281.27
84,84,98890.914
85,85,122039.56
86,86,123755.0
87,87,128047.15
88,88,109814.305
89,89,137991.78
90,90,115121.055
91,91,140071.45
92,92,155023.06
93,93,112388.32
94,94,168939.47
95,95,80765.46
96,96,108141.97
97,97,100366.38
98,98,81148.625
99,99,138380.31
100,100,137801.36
101,101,129391.15
102,102,121862.375
103,103,164540.86
104,104,149247.17
105,105,228384.12
106,106,82717.65
107,107,217735.25
108,108,140742.23
109,109,130129.164
110,110,134992.73
111,111,147966.72
112,112,260478.0
113,113,122024.234
114,114,218697.95
115,115,224397.94
116,116,193991.58
117,117,148686.9
118,118,143462.2
119,119,189673.02
120,120,155233.2
121,121,125815.53
122,122,336965.9
123,123,222165.25
124,124,138954.95
125,125,79865.66
126,126,95535.664
127,127,148668.45
128,128,98302.13
129,129,133251.44
130,130,99090.96
131,131,120834.25
132,132,131493.78
133,133,135114.83
134,134,107315.164
135,135,228228.44
136,136,173118.03
137,137,196108.66
138,138,196048.75
139,139,194337.72
140,140,75874.25
141,141,100170.26
142,142,88504.875
143,143,273427.22
144,144,253620.22
145,145,168707.72
146,146,186132.0
147,147,212393.16
148,148,196361.4
149,149,142225.64
150,150,151921.58
151,151,166676.06
152,152,162421.9
153,153,126997.26
154,154,92715.4
155,155,68803.94
156,156,95133.06
157,157,126042.58
158,158,148963.72
159,159,159078.39
160,160,133542.08
161,161,137718.58
162,162,286132.06
163,163,206847.75
164,164,128829.2
165,165,163854.06
166,166,184628.64
167,167,276719.7
168,168,184556.53
169,169,371999.7
170,170,224153.02
171,171,238807.97
172,172,172083.88
173,173,179211.7
174,174,182019.84
175,175,154735.0
176,176,181670.19
177,177,212088.77
178,178,184187.83
179,179,268604.03
180,180,178632.16
181,181,222910.06
182,182,224951.17
183,183,227634.9
184,184,190518.78
185,185,151844.39
186,186,170184.98
187,187,137305.55
188,188,138097.73
189,189,117485.31
190,190,130464.555
191,191,94311.516
192,192,94535.41
193,193,152006.06
194,194,162515.58
195,195,149792.6
196,196,152006.06
197,197,149841.03
198,198,142871.14
199,199,151535.55
200,200,457558.78
201,201,426934.44
202,202,411315.47
203,203,469522.84
204,204,303448.44
205,205,336083.1
206,206,350435.5
207,207,327302.25
208,208,304586.94
209,209,353141.2
210,210,247103.05
211,211,492816.5
212,212,296165.0
213,213,248813.44
214,214,177225.78
215,215,180689.69
216,216,208588.39
217,217,504273.53
218,218,418159.2
219,219,329995.2
220,220,268389.94
221,221,325295.56
222,222,176668.5
223,223,171290.06
224,224,170663.27
225,225,173218.1
226,226,164216.8
227,227,181647.95
228,228,186600.98
229,229,194845.27
230,230,177037.75
231,231,269970.34
232,232,168670.23
233,233,179463.42
234,234,167328.45
235,235,273174.72
236,236,169248.53
237,237,374191.7
238,238,314118.7
239,239,244374.02
240,240,262795.12
241,241,259517.89
242,242,242194.2
243,243,290416.88
244,244,233273.88
245,245,402508.75
246,246,225487.47
247,247,196157.52
248,248,287859.2
249,249,214431.84
250,250,252890.34
251,251,243636.38
252,252,262997.66
253,253,215049.12
254,254,200905.25
255,255,175771.83
256,256,175755.25
257,257,136211.34
258,258,196259.95
259,259,256098.86
260,260,176194.28
261,261,130423.45
262,262,154394.7
263,263,214924.03
264,264,238832.66
265,265,185127.25
266,266,159185.0
267,267,183671.75
268,268,160007.6
269,269,166356.92
270,270,122010.87
271,271,130513.91
272,272,122169.67
273,273,132738.6
274,274,134701.67
275,275,118475.54
276,276,351040.75
277,277,209942.98
278,278,286443.16
279,279,205086.44
280,280,188129.98
281,281,165054.12
282,282,169760.42
283,283,291679.53
284,284,207341.6
285,285,252871.56
286,286,222316.92
287,287,214236.52
288,288,151758.03
289,289,126090.305
290,290,255534.03
291,291,121019.7
292,292,151692.44
293,293,208167.0
294,294,165945.38
295,295,129219.24
296,296,122245.734
297,297,151564.98
298,298,164968.39
299,299,171768.62
300,300,144931.31
301,301,170666.84
302,302,177987.8
303,303,114812.32
304,304,174196.52
305,305,177459.58
306,306,225749.67
307,307,142330.36
308,308,182046.89
309,309,141877.02
310,310,126471.2
311,311,144066.61
312,312,138300.94
313,313,135877.83
314,314,136040.44
315,315,123725.51
316,316,113643.27
317,317,141997.06
318,318,113938.63
319,319,181492.31
320,320,131646.84
321,321,98383.81
322,322,134771.19
323,323,102244.05
324,324,128260.82
325,325,167975.12
326,326,175524.1
327,327,58392.34
328,328,106450.99
329,329,81427.55
330,330,179297.4
331,331,152238.66
332,332,136342.55
333,333,145915.23
334,334,134877.81
335,335,120003.66
336,336,108830.08
337,337,123217.34
338,338,113546.96
339,339,121118.44
340,340,126411.195
341,341,142199.5
342,342,155099.6
343,343,142880.42
344,344,136235.44
345,345,111937.484
346,346,133156.72
347,347,128362.945
348,348,115622.35
349,349,140074.1
350,350,97718.22
351,351,90832.086
352,352,115981.414
353,353,99659.53
354,354,52809.7
355,355,89802.08
356,356,110981.086
357,357,163103.95
358,358,127643.37
359,359,48701.312
360,360,109673.55
361,361,158609.14
362,362,32839.93
363,363,139965.27
364,364,130855.27
365,365,93489.85
366,366,102955.164
367,367,135335.33
368,368,126648.29
369,369,146936.06
370,370,187219.72
371,371,77594.77
372,372,142389.34
373,373,126364.44
374,374,164516.33
375,375,130931.65
376,376,81610.78
377,377,109791.875
378,378,91044.3
379,379,159280.8
380,380,144165.2
381,381,71127.71
382,382,132141.22
383,383,136643.03
384,384,143461.67
385,385,158572.47
386,386,156656.0
387,387,50851.96
388,388,126278.29
389,389,127632.08
390,390,158081.83
391,391,132016.88
392,392,136273.2
393,393,175956.45
394,394,153276.36
395,395,223868.69
396,396,157069.81
397,397,132695.27
398,398,125708.945
399,399,147576.8
400,400,125708.945
401,401,319128.12
402,402,315860.53
403,403,315860.53
404,404,347705.4
405,405,328490.5
406,406,253075.1
407,407,298991.62
408,408,191882.03
409,409,242852.73
410,410,259966.72
411,411,165225.34
412,412,223768.73
413,413,135483.3
414,414,206478.94
415,415,190377.77
416,416,214439.44
417,417,208049.62
418,418,130951.74
419,419,136075.78
420,420,249429.81
421,421,254459.89
422,422,189983.36
423,423,209636.58
424,424,261751.75
425,425,304039.8
426,426,207406.64
427,427,283357.62
428,428,157560.45
429,429,130826.25
430,430,135207.9
431,431,112315.836
432,432,126328.92
433,433,132456.48
434,434,139023.98
435,435,124644.414
436,436,105322.445
437,437,118618.22
438,438,137429.64
439,439,150301.9
440,440,163639.02
441,441,135854.36
442,442,217710.25
443,443,134320.64
444,444,186605.4
445,445,166455.02
446,446,205784.53
447,447,115811.26
448,448,139590.98
449,449,123316.13
450,450,201157.12
451,451,296612.47
452,452,150110.48
453,453,70728.84
454,454,302597.94
455,455,64576.773
456,456,264353.9
457,457,133830.83
458,458,162501.67
459,459,149929.58
460,460,451852.03
461,461,322612.0
462,462,213969.8
463,463,217216.2
464,464,215822.66
465,465,412007.94
466,466,140031.22
467,467,168869.56
468,468,124178.336
469,469,123229.59
470,470,142044.36
471,471,134013.1
472,472,175901.58
473,473,178234.33
474,474,168831.72
475,475,184395.06
476,476,182422.0
477,477,181166.47
478,478,245513.84
479,479,193336.55
480,480,168445.16
481,481,179841.47
482,482,216524.75
483,483,337092.66
484,484,372928.0
485,485,156902.9
486,486,290220.34
487,487,202844.69
488,488,227316.47
489,489,182412.66
490,490,274018.3
491,491,216592.81
492,492,163605.16
493,493,191075.88
494,494,129789.875
495,495,311787.47
496,496,163866.61
497,497,306396.34
498,498,138151.52
499,499,122049.97
500,500,119678.695
501,501,93925.14
502,502,104709.41
503,503,102732.34
504,504,148528.64
505,505,161605.81
506,506,290973.88
507,507,435791.5
508,508,431119.28
509,509,458452.25
510,510,428132.97
511,511,408980.72
512,512,255849.16
513,513,312277.47
514,514,497171.0
515,515,264003.4
516,516,364694.1
517,517,400873.22
518,518,325799.94
519,519,188563.6
520,520,348263.34
521,521,222054.17
522,522,210356.52
523,523,169798.25
524,524,213679.83
525,525,218011.61
526,526,179261.08
527,527,172422.81
528,528,189964.67
529,529,218879.89
530,530,216096.67
531,531,216418.56
532,532,170763.39
533,533,246226.23
534,534,177062.38
535,535,265293.1
536,536,318824.47
537,537,329991.84
538,538,249256.72
539,539,312133.94
540,540,250658.83
541,541,242793.44
542,542,252745.05
543,543,269340.44
544,544,229465.84
545,545,231704.47
546,546,239953.55
547,547,211323.3
548,548,181567.84
549,549,195701.28
550,550,142558.56
551,551,177525.12
552,552,183303.38
553,553,185369.81
554,554,204026.61
555,555,186377.86
556,556,198794.64
557,557,117760.55
558,558,132545.22
559,559,108145.95
560,560,110438.0
561,561,179182.92
562,562,144202.58
563,563,220807.8
564,564,400121.72
565,565,174732.97
566,566,144438.27
567,567,150769.27
568,568,163365.4
569,569,270985.84
570,570,267275.4
571,571,273938.44
572,572,276936.03
573,573,162233.27
574,574,203769.94
575,575,199105.12
576,576,208563.4
577,577,325949.97
578,578,224600.8
579,579,366652.16
580,580,269856.4
581,581,190840.69
582,582,167248.66
583,583,173544.36
584,584,213039.34
585,585,140180.78
586,586,144976.5
587,587,138078.19
588,588,140633.64
589,589,187361.81
590,590,107893.17
591,591,128763.04
592,592,149499.23
593,593,88200.67
594,594,162912.75
595,595,128571.73
596,596,119358.695
597,597,224044.3
598,598,129516.18
599,599,158606.22
600,600,187487.66
601,601,130749.25
602,602,108745.9
603,603,139995.66
604,604,127002.45
605,605,172476.08
606,606,117303.23
607,607,151307.66
608,608,87619.19
609,609,110770.57
610,610,96716.23
611,611,141925.8
612,612,140781.86
613,613,190829.33
614,614,148810.95
615,615,123904.86
616,616,143930.03
617,617,126576.94
618,618,125399.87
619,619,116215.37
620,620,122601.29
621,621,116390.71
622,622,146436.55
623,623,114814.914
624,624,123631.83
625,625,121029.37
626,626,121339.61
627,627,97418.555
628,628,70791.39
629,629,128339.13
630,630,122370.57
631,631,133198.17
632,632,128017.36
633,633,132771.7
634,634,142980.47
635,635,80093.87
636,636,92313.56
637,637,152134.45
638,638,62052.883
639,639,89026.625
640,640,127194.31
641,641,137512.92
642,642,100875.516
643,643,137564.14
644,644,124687.65
645,645,63016.945
646,646,235033.31
647,647,112469.99
648,648,117348.61
649,649,135623.52
650,650,155065.81
651,651,131833.47
652,652,117270.54
653,653,104138.26
654,654,155871.5
655,655,124075.88
656,656,148464.02
657,657,108051.586
658,658,99868.586
659,659,110092.664
660,660,84313.234
661,661,99775.125
662,662,90939.695
663,663,178492.86
664,664,126920.41
665,665,147391.67
666,666,163143.44
667,667,124848.07
668,668,106685.3
669,669,132345.67
670,670,167352.52
671,671,119263.734
672,672,128530.766
673,673,116455.66
674,674,105135.54
675,675,60792.457
676,676,113100.35
677,677,125755.055
678,678,153804.1
679,679,138071.47
680,680,144160.19
681,681,131492.44
682,682,144554.89
683,683,138417.42
684,684,137944.19
685,685,162359.45
686,686,127924.36
687,687,133045.53
688,688,147448.08
689,689,220429.83
690,690,130813.74
691,691,197847.86
692,692,166938.73
693,693,109726.77
694,694,138852.56
695,695,242536.06
696,696,230218.16
697,697,244605.02
698,698,213804.86
699,699,168489.38
700,700,246656.03
701,701,432773.3
702,702,351954.53
703,703,256033.19
704,704,187678.95
705,705,145035.12
706,706,222580.44
707,707,196184.45
708,708,201480.19
709,709,226074.14
710,710,148005.12
711,711,135583.48
712,712,158892.67
713,713,231488.66
714,714,331733.03
715,715,326487.4
716,716,240750.14
717,717,216673.55
718,718,138774.53
719,719,212888.06
720,720,192952.81
721,721,216216.39
722,722,187440.97
723,723,127036.73
724,724,131829.03
725,725,145329.83
726,726,150360.69
727,727,157800.7
728,728,222308.95
729,729,85367.5
730,730,86702.08
731,731,92293.75
732,732,114699.484
733,733,99793.97
734,734,118011.75
735,735,111337.78
736,736,124229.4
737,737,172156.23
738,738,175291.34
739,739,123885.7
740,740,137758.06
741,741,203198.69
742,742,136982.88
743,743,175460.4
744,744,101316.445
745,745,133070.08
746,746,215673.3
747,747,247241.11
748,748,209877.23
749,749,127338.84
750,750,123504.19
751,751,111423.516
752,752,101696.98
753,753,124034.09
754,754,104923.41
755,755,144191.61
756,756,89215.18
757,757,74841.664
758,758,75450.82
759,759,70589.01
760,760,302597.94
761,761,253149.19
762,762,276830.78
763,763,213785.45
764,764,128408.875
765,765,182681.22
766,766,198930.75
767,767,268006.66
768,768,237305.33
769,769,142940.83
770,770,220652.27
771,771,183031.34
772,772,173551.1
773,773,245353.62
774,774,213692.78
775,775,270869.84
776,776,360753.22
777,777,230569.1
778,778,109359.664
779,779,161539.67
780,780,153213.92
781,781,133451.86
782,782,127647.09
783,783,114000.91
784,784,110535.72
785,785,155017.92
786,786,112815.39
787,787,127565.29
788,788,131091.73
789,789,139589.55
790,790,125064.94
791,791,178060.6
792,792,152180.23
793,793,177289.48
794,794,178894.45
795,795,191530.78
796,796,200460.42
797,797,174682.19
798,798,171433.22
799,799,171766.77
800,800,202560.38
801,801,221579.86
802,802,331545.28
803,803,417607.97
804,804,170027.16
805,805,283563.38
806,806,383727.84
807,807,374695.06
808,808,150168.69
809,809,191943.6
810,810,231440.33
811,811,210345.7
812,812,163313.58
813,813,169570.69
814,814,168809.52
815,815,194295.66
816,816,179467.25
817,817,141257.4
818,818,132257.7
819,819,127938.65
820,820,163195.33
821,821,184322.44
822,822,98577.39
823,823,110025.15
824,824,166967.14
825,825,121422.26
826,826,349976.53
827,827,269015.47
828,828,376722.8
829,829,463022.06
830,830,326669.94
831,831,433854.6
832,832,485023.03
833,833,442428.25
834,834,465421.47
835,835,275718.44
836,836,298579.16
837,837,310992.7
838,838,386684.7
839,839,361931.47
840,840,283074.44
841,841,241169.36
842,842,236167.61
843,843,251768.94
844,844,173349.86
845,845,167767.1
846,846,176797.4
847,847,217242.9
848,848,281982.88
849,849,219337.05
850,850,194622.25
851,851,176013.52
852,852,168190.27
853,853,177858.98
854,854,175204.06
855,855,184978.62
856,856,178942.69
857,857,173649.2
858,858,178303.64
859,859,183228.97
860,860,244028.39
861,861,175627.97
862,862,182392.73
863,863,171505.02
864,864,204215.36
865,865,165263.75
866,866,215577.56
867,867,235556.97
868,868,181592.4
869,869,169878.92
870,870,376553.78
871,871,417568.28
872,872,347612.3
873,873,253179.08
874,874,257528.89
875,875,339106.0
876,876,192746.16
877,877,276387.1
878,878,223594.06
879,879,400779.94
880,880,212068.22
881,881,229630.45
882,882,216043.22
883,883,235536.33
884,884,245851.61
885,885,218788.56
886,886,191369.55
887,887,234676.33
888,888,161344.8
889,889,284775.6
890,890,236662.64
891,891,243595.97
892,892,202029.62
893,893,135063.14
894,894,161995.9
895,895,151440.02
896,896,193720.62
897,897,191628.78
898,898,125997.53
899,899,115415.64
900,900,140784.38
901,901,274758.2
902,902,137014.45
903,903,155235.31
904,904,221539.39
905,905,208259.69
906,906,224578.75
907,907,218493.47
908,908,216534.84
909,909,166581.89
910,910,164746.73
911,911,183155.2
912,912,266886.28
913,913,306016.4
914,914,245049.62
915,915,282074.44
916,916,385866.4
917,917,137731.5
918,918,193229.45
919,919,141805.77
920,920,158945.67
921,921,198955.78
922,922,201899.61
923,923,246104.16
924,924,158628.42
925,925,134213.23
926,926,135169.17
927,927,111982.18
928,928,129740.54
929,929,147674.9
930,930,140226.69
931,931,117793.664
932,932,172575.5
933,933,149903.6
934,934,204915.31
935,935,140589.23
936,936,215209.38
937,937,138324.45
938,938,52319.67
939,939,56117.203
940,940,108819.48
941,941,136875.02
942,942,141144.53
943,943,146845.62
944,944,155385.88
945,945,139032.45
946,946,130216.266
947,947,141528.67
948,948,126886.15
949,949,171721.45
950,950,122767.45
951,951,157945.8
952,952,133052.75
953,953,144319.16
954,954,138248.55
955,955,127590.76
956,956,131096.05
957,957,128618.66
958,958,124868.62
959,959,124736.63
960,960,146043.36
961,961,118316.79
962,962,130429.04
963,963,161499.81
964,964,217593.45
965,965,134304.4
966,966,137758.83
967,967,181913.2
968,968,116487.64
969,969,128460.94
970,970,109018.93
971,971,142604.16
972,972,140889.14
973,973,134015.8
974,974,143044.11
975,975,102746.16
976,976,106791.234
977,977,122253.75
978,978,107759.875
979,979,120938.3
980,980,97641.47
981,981,101291.086
982,982,121808.13
983,983,123486.86
984,984,76246.88
985,985,134241.25
986,986,201168.86
987,987,133076.95
988,988,103305.79
989,989,152890.61
990,990,124370.75
991,991,218766.36
992,992,97168.55
993,993,124874.266
994,994,118344.46
995,995,119593.33
996,996,125855.0
997,997,116420.07
998,998,103853.27
999,999,131719.12
1000,1000,106721.664
1001,1001,131641.03
1002,1002,121767.04
1003,1003,178423.53
1004,1004,129360.05
1005,1005,109807.31
1006,1006,147166.52
1007,1007,69620.59
1008,1008,68197.25
1009,1009,194278.1
1010,1010,226427.47
1011,1011,162695.06
1012,1012,117160.47
1013,1013,76597.67
1014,1014,233841.14
1015,1015,113508.52
1016,1016,123165.414
1017,1017,148545.16
1018,1018,108725.14
1019,1019,152869.34
1020,1020,123905.72
1021,1021,126895.664
1022,1022,115686.75
1023,1023,120909.05
1024,1024,125375.484
1025,1025,157538.33
1026,1026,184131.53
1027,1027,169147.8
1028,1028,152194.22
1029,1029,160736.33
1030,1030,100954.13
1031,1031,173480.95
1032,1032,160188.3
1033,1033,169812.25
1034,1034,97413.22
1035,1035,241453.55
1036,1036,152930.44
1037,1037,111148.945
1038,1038,98972.77
1039,1039,133812.64
1040,1040,137252.19
1041,1041,146590.44
1042,1042,96181.27
1043,1043,185621.06
1044,1044,232383.38
1045,1045,256192.1
1046,1046,301092.4
1047,1047,255286.98
1048,1048,212937.62
1049,1049,223209.81
1050,1050,178422.0
1051,1051,200783.97
1052,1052,216508.16
1053,1053,256228.8
1054,1054,148839.19
1055,1055,161244.72
1056,1056,139459.92
1057,1057,152532.58
1058,1058,225057.6
1059,1059,205553.45
1060,1060,190450.03
1061,1061,228167.25
1062,1062,130714.72
1063,1063,140265.31
1064,1064,140087.38
1065,1065,133380.12
1066,1066,110438.23
1067,1067,132288.47
1068,1068,136055.47
1069,1069,124830.17
1070,1070,244472.0
1071,1071,230142.92
1072,1072,195254.6
1073,1073,235857.56
1074,1074,350303.06
1075,1075,236989.67
1076,1076,240581.36
1077,1077,179287.84
1078,1078,186392.58
1079,1079,171612.06
1080,1080,181267.23
1081,1081,158874.08
1082,1082,125420.266
1083,1083,134362.94
1084,1084,138553.88
1085,1085,131326.73
1086,1086,141627.02
1087,1087,150587.5
1088,1088,152552.6
1089,1089,410014.03
1090,1090,136681.77
1091,1091,125383.266
1092,1092,74021.34
1093,1093,104707.06
1094,1094,118665.91
1095,1095,107054.08
1096,1096,121420.375
1097,1097,163829.39
1098,1098,130136.11
1099,1099,127363.5
1100,1100,150232.45
1101,1101,130088.85
1102,1102,137800.64
1103,1103,194826.69
1104,1104,143771.14
1105,1105,157311.03
1106,1106,121898.36
1107,1107,188604.64
1108,1108,200226.12
1109,1109,127176.07
1110,1110,179762.03
1111,1111,187387.89
1112,1112,206619.94
1113,1113,285024.25
1114,1114,124566.72
1115,1115,123783.67
1116,1116,165397.67
1117,1117,86376.35
1118,1118,66368.27
1119,1119,120703.92
1120,1120,118057.516
1121,1121,116578.49
1122,1122,271066.4
1123,1123,158097.84
1124,1124,180384.12
1125,1125,217571.75
1126,1126,206638.36
1127,1127,160865.92
1128,1128,144624.48
1129,1129,214278.58
1130,1130,240285.42
1131,1131,206136.3
1132,1132,255541.33
1133,1133,181533.42
1134,1134,223047.1
1135,1135,335609.72
1136,1136,184819.05
1137,1137,269789.88
1138,1138,323567.62
1139,1139,183026.64
1140,1140,143784.89
1141,1141,82625.22
1142,1142,99396.516
1143,1143,86386.03
1144,1144,74782.31
1145,1145,141630.3
1146,1146,185673.61
1147,1147,207093.39
1148,1148,159007.69
1149,1149,111519.734
1150,1150,125934.71
1151,1151,156046.67
1152,1152,131829.39
1153,1153,126071.1
1154,1154,155264.52
1155,1155,141621.77
1156,1156,189030.73
1157,1157,175691.84
1158,1158,196174.12
1159,1159,184865.92
1160,1160,177596.34
1161,1161,181038.8
1162,1162,251271.98
1163,1163,265502.34
1164,1164,322204.25
1165,1165,165511.66
1166,1166,188073.62
1167,1167,441164.8
1168,1168,460156.28
1169,1169,377532.4
1170,1170,463517.84
1171,1171,452945.25
1172,1172,297879.9
1173,1173,392221.9
1174,1174,146832.47
1175,1175,190397.89
1176,1176,193164.9
1177,1177,244916.38
1178,1178,187025.23
1179,1179,151703.86
1180,1180,108674.43
1181,1181,190285.7
1182,1182,100523.96
1183,1183,119639.66
1184,1184,100772.086
1185,1185,93744.66
1186,1186,98599.305
1187,1187,140500.72
1188,1188,142887.94
1189,1189,158968.31
1190,1190,144128.17
1191,1191,433778.38
1192,1192,253054.94
1193,1193,247697.5
1194,1194,408060.56
1195,1195,327682.5
1196,1196,359341.8
1197,1197,290776.12
1198,1198,310339.88
1199,1199,331735.8
1200,1200,374888.12
1201,1201,316577.6
1202,1202,272462.47
1203,1203,278029.16
1204,1204,323659.3
1205,1205,289984.12
1206,1206,164579.31
1207,1207,184653.52
1208,1208,172144.44
1209,1209,283125.94
1210,1210,187061.77
1211,1211,185084.77
1212,1212,209348.89
1213,1213,208412.12
1214,1214,179177.83
1215,1215,183376.05
1216,1216,192038.5
1217,1217,255216.81
1218,1218,278428.1
1219,1219,273742.1
1220,1220,438294.8
1221,1221,343896.1
1222,1222,497182.88
1223,1223,320121.84
1224,1224,348389.5
1225,1225,255611.03
1226,1226,327806.0
1227,1227,220637.23
1228,1228,211808.98
1229,1229,442041.2
1230,1230,173797.81
1231,1231,133556.48
1232,1232,190929.34
1233,1233,140421.02
1234,1234,187700.23
1235,1235,183890.12
1236,1236,179589.64
1237,1237,192173.81
1238,1238,170841.72
1239,1239,157479.11
1240,1240,152539.48
1241,1241,108939.71
1242,1242,133746.7
1243,1243,144243.44
1244,1244,119914.42
1245,1245,117454.25
1246,1246,128934.04
1247,1247,139982.11
1248,1248,110657.51
1249,1249,128458.914
1250,1250,338562.56
1251,1251,379540.62
1252,1252,168480.67
1253,1253,151796.22
1254,1254,162927.28
1255,1255,151889.53
1256,1256,185033.64
1257,1257,219599.02
1258,1258,150368.39
1259,1259,175075.94
1260,1260,134305.28
1261,1261,153537.38
1262,1262,142071.92
1263,1263,129087.625
1264,1264,135301.62
1265,1265,140723.1
1266,1266,171790.38
1267,1267,173086.31
1268,1268,147747.86
1269,1269,142224.94
1270,1270,129300.05
1271,1271,119060.08
1272,1272,154166.75
1273,1273,137765.97
1274,1274,128532.71
1275,1275,137229.25
1276,1276,124410.484
1277,1277,139738.61
1278,1278,163996.83
1279,1279,138592.16
1280,1280,135770.88
1281,1281,151579.66
1282,1282,140824.62
1283,1283,152125.22
1284,1284,137649.98
1285,1285,141195.95
1286,1286,161998.7
1287,1287,122848.875
1288,1288,125828.3
1289,1289,142118.64
1290,1290,132389.2
1291,1291,216007.3
1292,1292,154633.39
1293,1293,217745.78
1294,1294,126136.945
1295,1295,103108.72
1296,1296,64363.637
1297,1297,88327.54
1298,1298,163504.58
1299,1299,123658.58
1300,1300,141187.73
1301,1301,141518.23
1302,1302,186098.4
1303,1303,165042.06
1304,1304,289451.6
1305,1305,138298.33
1306,1306,85492.55
1307,1307,131234.45
1308,1308,128966.55
1309,1309,152837.03
1310,1310,113264.266
1311,1311,111338.83
1312,1312,160532.7
1313,1313,136587.58
1314,1314,126121.04
1315,1315,145106.77
1316,1316,143577.95
1317,1317,133766.52
1318,1318,116791.234
1319,1319,99717.445
1320,1320,99162.16
1321,1321,82214.086
1322,1322,97064.15
1323,1323,126073.266
1324,1324,132155.7
1325,1325,75124.22
1326,1326,114839.41
1327,1327,72732.09
1328,1328,212218.36
1329,1329,89895.32
1330,1330,109654.836
1331,1331,55281.227
1332,1332,166507.05
1333,1333,91867.414
1334,1334,116703.28
1335,1335,103375.39
1336,1336,189961.86
1337,1337,111286.336
1338,1338,110236.58
1339,1339,59006.258
1340,1340,111659.055
1341,1341,137402.44
1342,1342,161156.62
1343,1343,146672.11
1344,1344,102663.82
1345,1345,81018.38
1346,1346,170918.89
1347,1347,149650.5
1348,1348,134236.95
1349,1349,128788.18
1350,1350,158001.81
1351,1351,145600.16
1352,1352,167346.83
1353,1353,160585.89
1354,1354,107221.78
1355,1355,241197.69
1356,1356,148238.36
1357,1357,128492.875
1358,1358,174394.86
1359,1359,139794.14
1360,1360,110605.37
1361,1361,201524.03
1362,1362,266694.7
1363,1363,172982.77
1364,1364,159783.05
1365,1365,134398.48
1366,1366,143692.8
1367,1367,205584.34
1368,1368,187165.88
1369,1369,228272.7
1370,1370,181872.58
1371,1371,233685.64
1372,1372,295145.53
1373,1373,205243.77
1374,1374,205306.2
1375,1375,184303.44
1376,1376,158162.8
1377,1377,147546.86
1378,1378,180861.23
1379,1379,199859.12
1380,1380,205306.45
1381,1381,216255.28
1382,1382,148636.73
1383,1383,153649.03
1384,1384,121584.8
1385,1385,208227.48
1386,1386,195925.22
1387,1387,223929.78
1388,1388,207945.6
1389,1389,278904.2
1390,1390,237980.53
1391,1391,242511.84
1392,1392,238988.72
1393,1393,138349.45
1394,1394,202114.45
1395,1395,197755.84
1396,1396,185655.94
1397,1397,206174.4
1398,1398,127977.34
1399,1399,124182.12
1400,1400,125750.99
1401,1401,190644.4
1402,1402,125970.09
1403,1403,249692.48
1404,1404,139461.6
1405,1405,148152.84
1406,1406,101497.875
1407,1407,100267.5
1408,1408,113905.664
1409,1409,125827.31
1410,1410,90426.04
1411,1411,53001.676
1412,1412,104619.805
1413,1413,140618.44
1414,1414,112553.766
1415,1415,175037.56
1416,1416,133797.77
1417,1417,171766.89
1418,1418,133541.16
1419,1419,100463.93
1420,1420,147592.22
1421,1421,154737.14
1422,1422,184208.52
1423,1423,201124.86
1424,1424,185932.12
1425,1425,211689.53
1426,1426,100836.27
1427,1427,127730.68
1428,1428,50055.57
1429,1429,85561.47
1430,1430,133068.97
1431,1431,50731.793
1432,1432,83844.68
1433,1433,57506.94
1434,1434,313224.34
1435,1435,279321.12
1436,1436,210291.03
1437,1437,151107.55
1438,1438,231181.55
1439,1439,152991.4
1440,1440,226179.69
1441,1441,186124.77
1442,1442,344608.9
1443,1443,349744.84
1444,1444,96789.54
1445,1445,218529.86
1446,1446,104880.805
1447,1447,133342.9
1448,1448,155700.05
1449,1449,86526.78
1450,1450,82625.22
1451,1451,143718.11
1452,1452,88493.22
1453,1453,75044.664
1454,1454,81914.45
1455,1455,87446.484
1456,1456,170525.92
1457,1457,118874.61
1458,1458,243056.53
